   2.0000000e+00  -1.0047392e+00  -5.2714003e-01  -1.0852468e+00  -1.3920553e-01  -1.9263852e-01   5.9887738e-01  -7.9686934e-01   5.7517166e-01  -2.4187149e+00  -6.0327600e-01
   2.0000000e+00   9.7587747e-01   7.3829582e-01   1.7364657e+00   1.6447664e+00  -1.0824194e+00  -7.2151923e-01  -6.4715194e-01   1.1670540e+00  -7.7311221e-01  -1.0918121e+00
   2.0000000e+00  -1.6556963e+00   9.1897948e-01   2.5481500e+00  -1.2005925e+00   8.3220374e-01   3.4416361e-01   5.3424889e-02  -2.1239278e+00  -2.0093286e-01   1.5060115e-01
   1.0000000e+00  -9.3008978e-01   9.2832675e-01  -6.2636962e-02   1.1565078e+00   2.5567859e-01   9.4269854e-01  -1.5590668e+00  -4.5814033e-01  -1.4099660e+00  -1.1848103e-01
   2.0000000e+00   1.2720486e+00  -5.1158974e-01   7.2041161e-03  -2.7142058e-01  -2.5135140e-01  -4.1180478e-01   6.1753257e-01   1.6411311e-01   6.8348512e-01  -2.6162634e-01
   2.0000000e+00   8.0543498e-01   3.2588931e-01  -1.0559226e+00  -1.0115748e+00   1.5255769e+00   6.9313026e-01  -9.9185343e-01  -1.2579093e+00  -2.5832208e-01   6.3315000e-01
   2.0000000e+00   7.5465143e-02  -1.5583764e-01   7.9267849e-02   7.1431871e-01  -2.8543312e-01  -1.0625774e+00   8.1673182e-01  -7.4574365e-01   5.4307988e-01  -1.5426590e+00
   1.0000000e+00   1.4830979e+00   4.9083691e-01   1.2816966e-02  -2.9914325e-01   2.9521870e-02  -4.7255406e-01   8.1302746e-01  -5.9129350e-01  -8.1248732e-01   4.5254902e-01
   1.0000000e+00  -5.2388519e-01   1.1794446e+00   9.2245978e-02  -7.3410615e-01   3.3939778e-01   1.4664247e+00   1.3745364e-01   1.3369941e-01   5.8918017e-01   1.4829428e+00
   2.0000000e+00   1.4985796e+00   9.6458583e-01  -1.5933916e+00  -1.3375780e+00   7.4234983e-01   4.1012682e-01   9.0040707e-01  -9.1411386e-01   1.8941595e+00  -1.0040835e+00
   2.0000000e+00   4.0505969e-01  -3.0412342e-01  -1.8302393e-01   2.1620515e-01  -2.6985885e-01  -7.9992745e-01  -7.0508241e-01   7.0661452e-01   1.7272994e+00   1.1249656e+00
   1.0000000e+00   1.8353507e-01  -1.8840201e-01   2.1061020e-01  -7.8028527e-01   7.2700557e-01  -3.1682743e-01  -5.0369843e-01   1.4613954e-01  -2.9685062e-01  -2.0080627e+00
   2.0000000e+00  -1.1377788e-01   2.3783482e-01   7.2973478e-01  -6.5106632e-01  -9.1928895e-01  -7.9202387e-01  -7.6410878e-01   5.0346499e-01  -5.4599473e-01  -3.8663513e-01
   2.0000000e+00  -1.4784599e+00  -3.3068679e-01  -4.5362827e-01   2.2674827e-01  -4.4081708e-01  -7.4263214e-01  -5.4595192e-01   2.0287875e-01  -6.5407897e-01  -6.2166905e-01
   2.0000000e+00  -2.0669772e+00  -1.7407903e-01  -1.3729694e+00  -3.3888520e-01  -6.4661937e-01  -1.5941687e+00   2.9705069e+00  -9.3162674e-01   1.0192197e+00  -2.6895121e+00
   1.0000000e+00  -1.1806867e+00  -1.1618559e+00  -6.2379067e-01  -9.7449835e-02   1.8233764e-01  -9.1629626e-01  -1.6251404e+00  -4.0377183e-02   3.2599867e-01  -2.8543016e+00
   2.0000000e+00  -5.5630722e-01  -9.3388259e-01  -9.2205951e-01  -7.7291848e-01   9.7572693e-01   1.2040590e-01   6.1953129e-01  -6.7423004e-01   1.9630831e-01  -5.7027953e-01
   2.0000000e+00  -7.1324592e-01   4.1401067e-01   1.0106190e+00  -3.7307646e-01   1.5256042e+00  -1.1113511e+00  -2.0493849e+00  -3.8260266e-01  -1.8298986e+00   5.5495354e-01
   2.0000000e+00   1.1082913e+00   3.0616423e-01   3.4790401e-01   1.1897500e+00   1.3703466e+00   4.3239005e-01  -2.7916075e-01  -2.0322651e-01   1.3679006e+00   7.9353931e-01
   2.0000000e+00  -5.8410628e-01  -1.9253123e+00  -2.5059624e+00  -1.0205525e+00   1.6261830e+00  -2.3018696e-01   1.0826155e+00  -4.3381924e-02  -1.6709908e-01   1.1628439e+00
   2.0000000e+00  -3.3743706e-01  -3.0290381e-01  -2.4142616e+00  -2.9654356e-01  -1.1969777e+00  -2.4669346e+00  -5.0878105e-01  -2.5129379e+00   1.6394787e+00  -3.3720390e-01
   2.0000000e+00  -1.5134736e+00   4.7633407e-01  -1.8631101e+00   1.1158856e+00   1.5877338e+00  -1.7241884e+00  -1.5761791e-01   4.4427643e-01  -2.5223543e-01   5.5629282e-01
   2.0000000e+00   8.5751232e-01  -6.0563111e-01  -2.1022443e+00  -5.1173086e-01  -1.2438681e+00   3.9366440e-01  -1.8845864e-01   1.1482147e-01  -1.1779112e+00  -1.4911248e+00
   2.0000000e+00   1.4596573e+00  -5.8328817e-01   2.2705718e-01   8.5561890e-01  -1.9779382e-01   1.5312213e-02  -8.2876540e-01   8.4114601e-01  -4.7104051e-01  -3.5564556e-01
   2.0000000e+00   8.8286548e-01  -1.7919002e+00  -1.5757355e+00   3.6673852e-01   5.4093044e-01   1.6361506e+00   6.0621804e-01  -2.1196835e+00  -2.0274218e+00  -6.8138452e-01
   2.0000000e+00  -5.7854015e-01   1.2713008e+00   5.1537822e-01   1.3901316e+00  -5.2145291e-02  -1.2804691e-01   4.0184684e-01  -5.3363870e-02   8.8831914e-01  -7.3506209e-02
   2.0000000e+00   1.7144403e+00  -1.8471564e+00  -9.5734391e-01  -7.0966950e-01   5.3276502e-02   4.3228253e-01   9.9303867e-01   1.3825888e+00  -1.1299762e+00   7.9210423e-01
   1.0000000e+00   3.8792739e-01  -4.6174788e-01  -5.3306825e-01  -3.8361576e-01   3.6637016e-01  -1.2105337e+00  -1.8033693e+00  -7.8127459e-01  -3.4821629e-01   8.4289541e-01
   2.0000000e+00  -3.7298930e-01  -2.9030064e-01   8.2530620e-01  -9.1035688e-02   9.6674283e-01  -1.6319166e+00  -1.7453710e+00   1.1512789e+00   9.9625712e-01   7.5456899e-01
   1.0000000e+00  -6.1889999e-01  -2.0694677e+00   4.0547808e-02  -1.4617511e+00   7.3835265e-01   8.7740458e-01  -8.3498585e-01   5.1338281e-01   2.2754359e-01   1.1464050e+00
   2.0000000e+00  -1.4240832e-01  -1.9636990e-01  -8.9881310e-01  -4.8082046e-01   5.1586036e-01  -6.5909307e-01  -2.1884882e-01  -6.7161759e-01  -4.3650702e-01   2.2617520e-01
   2.0000000e+00   1.0840469e-01   1.0544101e+00  -1.5979740e-01   6.5051350e-02  -7.8781746e-01  -1.3939730e+00   1.1038016e+00   5.2986068e-01   1.7634173e+00  -3.1572459e-01
   2.0000000e+00  -1.8888272e-01  -8.2594514e-02  -5.3057496e-01  -1.2171568e+00   2.0644872e+00  -1.0587095e+00   7.6433395e-01   1.2793661e+00  -4.1127756e-02   1.2757139e+00
   1.0000000e+00  -1.1740939e+00  -5.6423292e-01  -2.1026676e-01   8.9187923e-01   1.2845078e-02   7.6050358e-01  -5.4494038e-02  -3.9937854e-01   1.4454397e+00   3.8352357e-01
   2.0000000e+00   5.7659197e-01   5.8252377e-01  -2.1846552e-01   1.7016714e-01  -2.0010781e+00  -7.8273827e-01   1.0694186e+00  -5.7835140e-01  -1.5842175e+00  -1.6333138e+00
   2.0000000e+00  -1.3935884e-01  -1.6104536e-01  -1.1144792e+00  -6.1170471e-01   9.3985879e-01   3.8475758e-01   4.1239685e-01   1.9917066e-01   1.3869856e+00  -2.6960346e-01
   2.0000000e+00   1.3114938e+00  -2.1614217e+00  -5.0102948e-01  -1.2299656e+00  -3.4211576e-01   1.6846039e+00   1.5851089e+00   7.4950829e-01  -9.1933977e-01  -9.5027550e-01
   2.0000000e+00   1.1378311e+00  -3.4249220e-01  -1.5480329e+00   4.1183080e-01   1.5378271e+00   4.3186733e-01  -9.3364787e-01   9.0613281e-01   2.8250935e-01   8.0625197e-01
   2.0000000e+00   9.3432670e-01  -7.3739466e-01   1.3057437e+00   6.1787857e-01   4.6924511e-01  -6.9901862e-02  -2.4125650e-01  -1.7602038e+00   9.6680465e-01   1.8487253e-01
   2.0000000e+00   5.1560327e-01   4.7826209e-01  -1.0012436e+00  -1.6446403e+00   1.2878500e+00   6.8600210e-01  -1.7183289e+00   2.9666008e-01  -2.9202366e-01   7.1648110e-01
   2.0000000e+00  -1.4536256e+00  -1.0417821e+00  -4.0531409e-01  -6.2109405e-01  -6.9854873e-01  -9.3083073e-01  -8.2337156e-02   1.3465755e+00  -8.7875180e-01   4.2472135e-01
   2.0000000e+00   4.6999661e-01   2.4378956e-01  -1.2130159e+00   1.2386937e+00   3.2599199e-01  -9.1148337e-01  -6.1615085e-01   3.0019675e-01   9.0136811e-02   5.3568678e-01
   2.0000000e+00   3.3817568e-01  -4.3913536e-02  -1.7687627e+00  -6.6454185e-01   2.2089218e-01  -2.8826879e-01  -3.8877087e-01   4.5208425e-01   6.4852375e-01  -9.3693238e-01
   2.0000000e+00  -1.2474690e-01  -2.4959048e-01  -5.5378204e-01   1.2661433e+00  -8.1364728e-01   2.5224157e-01  -4.1210216e-01  -5.9129267e-01   5.6207581e-01  -2.5821968e-01
   2.0000000e+00   2.5284999e-01  -1.0522374e+00   5.2113441e-01  -1.5396057e+00  -5.8438786e-01   1.7081592e-01  -1.9632103e-01  -7.4638854e-01   7.4772294e-01  -1.2483388e+00
   2.0000000e+00  -1.4204924e+00  -4.8077870e-01  -2.1159963e-01  -5.6483734e-01  -1.5424716e+00  -2.6700157e-01  -2.8818289e-01  -1.2153917e-01   1.3010325e-01   1.0108567e+00
   2.0000000e+00  -1.6328984e+00  -2.2826278e+00   1.7574255e+00  -6.1160745e-01  -2.6152665e-01  -8.9818013e-02   1.0782611e+00  -2.5295433e-01  -1.8384362e-01  -2.4075925e+00
   2.0000000e+00   2.4023370e-01   1.6333171e+00  -7.7324831e-01  -2.1021414e+00   9.1541739e-01  -2.0130030e-02   1.2433759e+00   8.2060450e-01  -6.1682712e-01  -2.4746857e-02
   2.0000000e+00  -1.0626836e+00  -5.6516286e-01  -1.3684156e+00  -1.3156280e+00   1.1387031e+00   1.0238665e-01  -1.2391039e+00  -5.3189582e-01   1.8374338e+00  -2.7646390e-01
   2.0000000e+00   2.2566929e+00  -9.0178636e-01   1.7847317e+00   3.0235577e-01   7.1729547e-01  -1.8269615e+00  -5.6753735e-01   1.5356243e+00   4.0664695e-01   1.1962419e+00
   2.0000000e+00  -2.1004597e+00  -1.1928741e+00  -1.0830524e+00  -9.9764011e-01   6.0337074e-01  -2.8598983e-01  -2.8037851e-01  -3.1502143e-01  -3.6371408e-01  -3.2021091e+00
   2.0000000e+00   2.7884209e+00   4.4994932e-01   5.1549949e-03   1.2531576e+00  -5.8050035e-01  -3.2413510e-01  -1.7266326e+00   1.0164727e-01  -9.2658699e-01  -1.0346870e-02
   2.0000000e+00   3.8603534e-02  -9.6799945e-01   5.1240613e-01   8.2602056e-01  -7.9050935e-01  -2.0149357e-01   4.0470014e-02  -5.0598498e-01  -6.3908225e-02   8.6118371e-01
   2.0000000e+00  -1.5382628e+00  -7.9741329e-01   1.0729560e+00  -7.3492260e-01   5.9511433e-01   3.3985266e-01  -6.7442819e-01  -8.7732347e-01   4.3848340e-01  -4.0687482e-01
   2.0000000e+00  -9.3604614e-01   2.9829855e-01   9.0540332e-01  -2.2467095e+00   2.0019638e+00   4.3876406e-01   1.5921750e+00   1.8440125e+00   7.3849503e-01   4.5968912e-01
   2.0000000e+00  -2.3237237e-01  -3.4290273e-01  -1.0864662e+00  -4.1180035e-01   2.6922665e-01  -1.7002334e-01  -5.9029913e-01   1.2371063e+00  -2.5241021e-01   1.9001026e+00
   2.0000000e+00   1.3137367e-01  -1.1192770e+00   1.5100379e+00   8.1568503e-01   2.0855766e-01  -1.0010363e-01  -6.5286478e-01   3.1280101e-01  -1.4292022e+00  -1.6274637e+00
   2.0000000e+00  -7.6584245e-01   1.0867711e+00   1.2822515e+00  -5.7924323e-01  -7.6023504e-01  -1.4472287e+00   2.0880567e-01   2.4458440e-01  -3.1208410e-01   1.5708379e-01
   2.0000000e+00   3.5261665e-01  -5.5675261e-01  -5.1424037e-02  -5.3582308e-01  -7.8961556e-01   9.0016336e-01  -1.9308953e+00  -1.1307378e-01   3.5867878e-01  -1.3049858e+00
   2.0000000e+00   2.0219694e+00  -5.5159923e-01   2.4339138e-01  -8.6115243e-01  -5.5929595e-01   6.4640862e-01  -1.1554373e-01   1.4400831e+00   1.2350233e+00   4.3489472e-01
   2.0000000e+00   1.9507811e-01  -3.6619601e-01  -5.9078671e-01  -4.5093075e-01   9.2565675e-01  -2.5253086e-01  -1.9976646e-01  -9.7003006e-01  -4.5897567e-01  -6.3589899e-01
   2.0000000e+00  -1.1094763e+00  -7.4955004e-01   1.0852321e+00   1.8774136e-01  -1.8103326e-01  -1.2230021e-01  -4.7932690e-01  -2.5321588e-01   7.1849503e-01   7.9657172e-01
   2.0000000e+00   1.9988563e+00  -8.6037812e-02  -1.8291636e+00   2.7693286e-01  -1.1150087e+00   4.2323277e-01   2.7490250e-01  -1.3023938e+00   4.6469583e-01  -8.9772001e-01
   2.0000000e+00   7.2724065e-03   3.2269735e-01  -7.4598559e-01   5.4852319e-01   7.4857352e-01   4.9774426e-01   1.2923271e+00  -2.0073324e-01  -1.6320042e+00   4.5636404e-02
   2.0000000e+00  -1.2140098e-01  -1.5009242e+00  -1.3828369e+00   7.2776817e-02  -1.6526186e+00   1.1193881e+00  -1.2111920e+00  -9.0594466e-01   1.9891912e+00  -1.9514982e+00
   2.0000000e+00   4.4526252e-02  -1.1226825e-01  -4.7710947e-01   8.2226809e-01  -7.9334232e-01   1.5535425e-01  -9.4636175e-01  -1.4097318e+00  -2.8233204e-01   5.3969689e-02
   2.0000000e+00   1.7849007e-01   2.4472303e+00  -8.2934518e-01  -7.2665443e-01  -5.6360651e-02   6.0182971e-01   3.8638227e-01  -6.0465360e-02  -1.7085738e-02  -1.2125925e-01
   2.0000000e+00  -1.6997825e+00   2.6499658e-01  -5.3266495e-01   1.6076478e+00   1.6875702e+00  -6.0711199e-01  -1.2187330e+00  -3.7218897e-01   2.6654118e-01   2.3175283e-01
   2.0000000e+00   6.3572428e-01  -7.3502091e-01  -1.0603166e+00  -9.6864819e-01  -5.6611212e-01   8.3460436e-01  -7.6296593e-01  -2.8429870e-01  -1.1259179e+00  -1.3484066e+00
   2.0000000e+00  -2.5814899e+00   1.5644880e+00   2.7953315e+00  -3.1900130e-01  -1.0964683e+00  -1.6870935e+00   6.8696636e-01   5.5275943e-01   2.5373725e-02  -6.8001177e-01
   2.0000000e+00  -5.7646724e-01  -1.7709526e-01  -8.2666853e-01   7.0129254e-01  -2.1500166e+00  -5.9184356e-01   3.9580148e-01  -3.4304748e-01   4.8259686e-01   2.0430042e+00
   2.0000000e+00   2.6382499e-01  -1.7166411e-01   2.4987980e-01  -1.3895841e+00  -1.6557584e+00   1.1051908e+00   1.0237060e+00  -2.1692436e+00   1.6548771e-01   7.3159012e-01
   1.0000000e+00  -6.6301984e-01  -6.8156499e-01  -3.1510997e-01   2.1392518e+00   6.1816073e-01   1.0894696e+00   2.9018710e-01  -3.8547042e-01   1.1880898e-01  -1.9007985e+00
   2.0000000e+00   6.9575141e-01   2.2321271e-01   1.5203317e+00  -9.0345483e-01  -1.3500702e+00  -3.2844274e-01   1.3883340e+00   2.3594764e-02  -4.5379722e-01  -6.2994686e-01
   2.0000000e+00  -8.0916726e-01  -1.0656624e+00  -4.9827338e-01   1.4064654e+00   8.9022044e-01  -9.7184169e-01   8.4975138e-02   7.7263432e-01   5.1253625e-01  -6.3778002e-01
   2.0000000e+00  -7.3979756e-01  -1.0266467e+00   1.1316118e+00  -1.1549441e+00   1.0342040e+00  -9.4119180e-01  -5.1266799e-01   7.6429753e-01  -1.9069578e+00  -7.8822899e-03
   2.0000000e+00  -4.8026783e-01   8.5099557e-01   1.1099525e+00   4.9813471e-01   1.5321950e+00  -2.7106658e-01  -1.4287603e+00  -1.2714852e+00  -1.6142801e-01  -1.1232793e+00
   2.0000000e+00  -1.1782240e+00   3.7128142e-01   5.5444322e-01   1.3352230e+00   1.1898934e+00   4.6313558e-01  -5.1609947e-01  -1.5951142e-01  -1.3218245e+00   5.4422453e-01
   2.0000000e+00  -1.3888168e-01   2.3454151e-01  -4.0957260e-01   1.4513689e+00  -1.1516420e+00  -7.5808479e-01  -5.6891872e-01   6.0450436e-01  -9.9797772e-01  -3.2840196e-01
   2.0000000e+00   4.3388275e-02   5.9481924e-01   8.5589020e-01   1.0537030e-01   9.6789777e-01   6.8184926e-01  -1.1074454e+00   8.4942175e-01  -1.6220410e+00  -3.3122913e-01
   2.0000000e+00  -3.8255883e-01   5.1556060e-01  -2.5615167e-01   8.4583378e-01  -8.1063761e-02   1.0605607e+00  -4.5351208e-01  -7.5560091e-01  -4.1113776e-01  -9.0163660e-01
   2.0000000e+00   6.6150688e-02  -2.4819222e+00  -1.5009979e+00   1.5433468e+00  -6.9527473e-01   1.9632378e-01  -1.6039081e-01  -4.9905250e-01  -6.5968033e-02  -1.7343299e+00
   1.0000000e+00   2.4195066e-01   1.4075185e+00  -1.5643406e-01  -2.1644843e+00   8.5519588e-01   1.1421595e+00   8.7293454e-01   8.5379716e-01   8.2923572e-01   1.0484555e+00
   2.0000000e+00  -1.2389861e+00   5.7066204e-01  -2.1273745e+00  -5.6777888e-01  -6.0710721e-01   2.3467624e-01  -2.5549584e-01  -1.5742879e+00   5.9143017e-01  -7.0353409e-02
   2.0000000e+00  -2.2753424e-01  -8.2695696e-01   1.2003845e+00  -1.1947766e+00  -1.5694345e-01   2.1188418e+00  -1.0633042e-01   8.9681280e-01  -6.3392949e-01  -5.6451757e-02
   2.0000000e+00   6.2404241e-03   1.3956265e+00   1.7447765e+00  -6.2464877e-01   1.6595790e+00  -4.6180720e-02   3.0921641e-02  -9.3548071e-01   3.2519393e-01   2.6759689e-01
   1.0000000e+00   2.8408314e-01   6.3545163e-01  -7.2780862e-01   9.1586619e-01   2.1074233e-01   2.5242296e-01   7.2623944e-01  -8.0049367e-02   7.7310454e-01  -7.4459429e-02
   2.0000000e+00  -4.6482966e-01   6.5524469e-01   6.4427073e-01  -7.6185646e-01  -1.2458010e+00   1.1939711e+00  -5.2225204e-01   1.6738728e-01  -8.7514997e-02  -2.0454902e-01
   2.0000000e+00   1.4250871e+00   1.0609561e+00   1.6453867e+00   1.9952156e+00   5.0408996e-01   1.9153160e-01   4.5963998e-01  -5.4069045e-02   1.7770251e-01  -1.6859256e+00
   2.0000000e+00   5.5732797e-01  -8.4818209e-02   1.0347309e-01  -7.9354051e-01  -6.1559332e-02   8.1630905e-01  -3.0209173e-01   4.5696244e-03   1.5118375e+00   1.5120971e-01
   2.0000000e+00   1.0786481e+00   1.0953239e+00  -6.9425220e-02   8.5985922e-01   1.4717549e+00   9.7221278e-01   1.5865513e+00   2.0730709e-01  -7.0977852e-02  -4.8831393e-01
   2.0000000e+00  -1.6520877e+00  -9.2903256e-01  -1.8176428e+00  -3.2154282e-01  -6.8427697e-01   2.3977559e-01  -4.0722221e-01   2.1317453e-01  -5.7400271e-01  -4.7125166e-01
   2.0000000e+00  -8.9012182e-01   7.6236862e-01  -1.6933390e-01  -1.3119636e+00  -1.3021681e+00  -7.6199361e-01   9.5052800e-01  -1.1062063e+00  -1.4275107e-01   4.1641145e-01
   1.0000000e+00   3.8466038e-01   2.6054553e-01  -5.6947647e-02   7.3404163e-01   1.4330413e-01   2.0920371e-01   9.4738012e-01  -1.7878398e+00   2.6432862e-01   1.5406048e-01
   1.0000000e+00  -3.1769779e-01   4.5360616e-01  -1.5200842e-01  -1.4838242e+00   1.8975372e-01   1.1942914e+00  -8.4213992e-01   9.4335097e-01  -2.6452735e-01   5.0586515e-01
   2.0000000e+00  -2.1875840e-02   1.3450062e+00   2.2028479e+00  -1.3357251e+00   3.2118843e-01   8.4792977e-01   1.0339632e-01   8.6429893e-01  -8.2799419e-01   1.4684657e-01
   2.0000000e+00   5.0730676e-01   2.0780297e-01  -6.9960281e-01   2.7745426e-01   1.1684684e+00  -1.2809423e+00   1.2283864e+00   3.6822046e-02   1.1264651e+00  -8.8951353e-01
   2.0000000e+00   4.7625792e-01  -4.0378364e-01   1.0773607e+00  -2.4481815e-01   2.9569791e-02   2.6426606e+00  -3.6365341e-01  -1.7414867e+00   2.9976352e-02  -6.3905832e-01
   2.0000000e+00   5.0385364e-02  -1.3515922e+00  -1.5645352e+00  -1.8741895e-01  -1.0255321e+00   1.1234600e+00  -7.2591335e-02   1.1721743e+00   6.0283622e-01   2.2902264e+00
   2.0000000e+00  -3.1554662e-01  -3.4037490e-01   1.2216562e+00  -3.3885904e-01   3.4398650e-01   1.3369291e+00   3.1992457e-01   1.4566447e+00  -4.6308704e-01   3.1402137e-01
